99732225
98876657
97422115
95433322
99732225
98876657
97422115
95433322
97543215
94332212
95433322
95433322
99732225
98876657
97422115
95433322
99732225
98876657
97422115
95433322
99882117
77665425
95433322
95433322
99732225
98876657
97422115
95433322
99732225
98876657
97422115
95433322
99543337
88766522
99732225
97422115
99732225
98876657
97422115
95433322
99732225
98876657
97422115
95433322
98876657
98876657
97422115
97422115
99732225
98876657
97422115
95433322
99732225
98876657
97422115
95433322
97422115
97422115
97543322
98866537
99732225
98876657
97422115
95433322
99732225
98876657
97422115
95433322
98876657
99732225
99875227
98766325
99732225
98876657
97422115
95433322
99732225
98876657
97422115
95433322
99973225
54333222
97422115
97422115
99732225
98876657
97422115
95433322
99732225
98876657
97422115
95433322
97422115
97422115
98665432
98753327
99732225
98876657
97422115
95433322
99732225
98876657
97422115
95433322
54333222
99973225
99843337
87665522
99732225
98876657
97422115
95433322
99732225
98876657
97422115
95433322
98433322
98766557
99876627
98753225
99732225
