66 26 83
31 17 11
23 13 67
56 30 95
66 26 83
31 17 11
23 13 67
56 30 95
66 26 67
23 13 83
66 26 83
66 26 83
66 26 83
31 17 11
23 13 67
56 30 95
66 26 83
31 17 11
23 13 67
56 30 95
56 13 95
30 23 67
66 26 83
56 30 95
66 26 83
31 17 11
23 13 67
56 30 95
66 26 83
31 17 11
23 13 67
56 30 95
56 30 95
23 13 67
26 13 83
66 23 67
66 26 83
31 17 11
23 13 67
56 30 95
66 26 83
31 17 11
23 13 67
56 30 95
66 26 83
66 26 83
30 23 67
56 13 95
66 26 83
31 17 11
23 13 67
56 30 95
66 26 83
31 17 11
23 13 67
56 30 95
56 30 83
66 26 95
30 23 95
56 13 67
66 26 83
31 17 11
23 13 67
56 30 95
66 26 83
31 17 11
23 13 67
56 30 95
56 30 95
66 26 83
66 31 83
26 17 11
66 26 83
31 17 11
23 13 67
56 30 95
66 26 83
31 17 11
23 13 67
56 30 95
66 26 83
31 17 11
23 13 67
23 13 67
66 26 83
31 17 11
23 13 67
56 30 95
66 26 83
31 17 11
23 13 67
56 30 95
66 26 83
66 26 83
23 17 67
31 13 11
66 26 83
31 17 11
23 13 67
56 30 95
66 26 83
31 17 11
23 13 67
56 30 95
31 17 11
31 17 11
31 17 95
56 30 11
66 26 83
31 17 11
23 13 67
56 30 95
66 26 83
31 17 11
23 13 67
56 30 95
30 23 95
56 13 67
66 56 95
30 26 83
66 26 83
51 46 -56
86 15 -89
-69 -84 45
48 2 -53
51 46 -56
86 15 -89
-69 -84 45
48 2 -53
48 2 -53
48 2 -53
51 46 -56
48 2 -53
51 46 -56
86 15 -89
-69 -84 45
48 2 -53
51 46 -56
86 15 -89
-69 -84 45
48 2 -53
51 46 -53
48 2 -56
51 46 -56
-69 -84 45
51 46 -56
86 15 -89
-69 -84 45
48 2 -53
51 46 -56
86 15 -89
-69 -84 45
48 2 -53
86 -84 45
15 -69 -89
48 -69 -53
2 -84 45
51 46 -56
86 15 -89
-69 -84 45
48 2 -53
51 46 -56
86 15 -89
-69 -84 45
48 2 -53
46 15 -56
86 51 -89
86 15 -89
86 15 -89
51 46 -56
86 15 -89
-69 -84 45
48 2 -53
51 46 -56
86 15 -89
-69 -84 45
48 2 -53
51 46 -56
51 46 -56
2 -84 -53
48 -69 45
51 46 -56
86 15 -89
-69 -84 45
48 2 -53
51 46 -56
86 15 -89
-69 -84 45
48 2 -53
48 -69 45
2 -84 -53
48 2 -53
86 15 -89
51 46 -56
86 15 -89
-69 -84 45
48 2 -53
51 46 -56
86 15 -89
-69 -84 45
48 2 -53
51 46 -53
48 2 -56
86 51 -56
46 15 -89
51 46 -56
86 15 -89
-69 -84 45
48 2 -53
51 46 -56
86 15 -89
-69 -84 45
48 2 -53
86 51 -89
46 15 -56
86 15 -89
86 15 -89
51 46 -56
86 15 -89
-69 -84 45
48 2 -53
51 46 -56
86 15 -89
-69 -84 45
48 2 -53
51 46 -56
86 15 -89
48 -69 -53
2 -84 45
51 46 -56
86 15 -89
-69 -84 45
48 2 -53
51 46 -56
86 15 -89
-69 -84 45
48 2 -53
86 15 -89
-69 -84 45
48 2 45
-69 -84 -53
51 46 -56
33 -34 -48
15 1 74
31 11 63
44 14 1
33 -34 -48
15 1 74
31 11 63
44 14 1
44 11 1
31 14 63
33 14 1
44 -34 -48
33 -34 -48
15 1 74
31 11 63
44 14 1
33 -34 -48
15 1 74
31 11 63
44 14 1
33 11 63
31 -34 -48
15 1 -48
33 -34 74
33 -34 -48
15 1 74
31 11 63
44 14 1
33 -34 -48
15 1 74
31 11 63
44 14 1
33 -34 -48
33 -34 -48
44 14 1
15 1 74
33 -34 -48
15 1 74
31 11 63
44 14 1
33 -34 -48
15 1 74
31 11 63
44 14 1
33 -34 63
31 11 -48
11 1 74
31 15 63
33 -34 -48
15 1 74
31 11 63
44 14 1
33 -34 -48
15 1 74
31 11 63
44 14 1
44 14 1
44 14 1
44 11 1
31 14 63
33 -34 -48
15 1 74
31 11 63
44 14 1
33 -34 -48
15 1 74
31 11 63
44 14 1
31 11 63
31 11 63
44 14 1
44 14 1
33 -34 -48
15 1 74
31 11 63
44 14 1
33 -34 -48
15 1 74
31 11 63
44 14 1
44 14 1
33 -34 -48
44 14 1
44 14 1
33 -34 -48
15 1 74
31 11 63
44 14 1
33 -34 -48
15 1 74
31 11 63
44 14 1
15 1 -48
33 -34 74
14 1 74
44 15 1
33 -34 -48
15 1 74
31 11 63
44 14 1
33 -34 -48
15 1 74
31 11 63
44 14 1
44 14 1
44 14 1
31 14 63
44 11 1
33 -34 -48
15 1 74
31 11 63
44 14 1
33 -34 -48
15 1 74
31 11 63
44 14 1
31 11 63
31 11 63
33 -34 -48
33 -34 -48
33 -34 -48
6 -18 -34
41 19 -46
37 -88 1
-18 -83 74
70 29 17
41 19 -46
37 -88 1
-18 -83 74
70 29 17
70 29 74
-18 -83 17
-18 -83 74
-18 -83 74
41 19 -46
37 -88 1
-18 -83 74
70 29 17
41 19 -46
37 -88 1
-18 -83 74
70 29 17
-18 -83 -46
41 19 74
70 29 1
37 -88 17
41 19 -46
37 -88 1
-18 -83 74
70 29 17
41 19 -46
37 -88 1
-18 -83 74
70 29 17
37 -88 1
70 29 17
70 29 17
70 29 17
41 19 -46
37 -88 1
-18 -83 74
70 29 17
41 19 -46
37 -88 1
-18 -83 74
70 29 17
70 29 74
-18 -83 17
41 19 -46
37 -88 1
41 19 -46
37 -88 1
-18 -83 74
70 29 17
41 19 -46
37 -88 1
-18 -83 74
70 29 17
41 -88 1
37 19 -46
-18 -83 74
-18 -83 74
41 19 -46
37 -88 1
-18 -83 74
70 29 17
41 19 -46
37 -88 1
-18 -83 74
70 29 17
70 29 17
70 29 17
-18 -83 74
-18 -83 74
41 19 -46
37 -88 1
-18 -83 74
70 29 17
41 19 -46
37 -88 1
-18 -83 74
70 29 17
41 19 -46
41 19 -46
41 29 -46
70 19 17
41 19 -46
37 -88 1
-18 -83 74
70 29 17
41 19 -46
37 -88 1
-18 -83 74
70 29 17
41 19 -46
41 19 -46
70 -88 17
37 29 1
41 19 -46
37 -88 1
-18 -83 74
70 29 17
41 19 -46
37 -88 1
-18 -83 74
70 29 17
41 19 17
70 29 -46
37 29 17
70 -88 1
41 19 -46
37 -88 1
-18 -83 74
70 29 17
41 19 -46
37 -88 1
-18 -83 74
70 29 17
41 -88 1
37 19 -46
70 29 17
70 29 17
41 19 -46
83 -53 -27
81 20 -94
69 27 69
-67 -80 -6
83 -53 -27
81 20 -94
69 27 69
-67 -80 -6
-67 -80 -6
-67 -80 -6
27 20 69
81 69 -94
83 -53 -27
81 20 -94
69 27 69
-67 -80 -6
83 -53 -27
81 20 -94
69 27 69
-67 -80 -6
81 20 -94
69 27 69
81 69 -94
27 20 69
83 -53 -27
81 20 -94
69 27 69
-67 -80 -6
83 -53 -27
81 20 -94
69 27 69
-67 -80 -6
83 -53 69
69 27 -27
20 -67 -6
81 -80 -94
83 -53 -27
81 20 -94
69 27 69
-67 -80 -6
83 -53 -27
81 20 -94
69 27 69
-67 -80 -6
83 -53 -27
83 -53 -27
81 20 -94
81 20 -94
83 -53 -27
81 20 -94
69 27 69
-67 -80 -6
83 -53 -27
81 20 -94
69 27 69
-67 -80 -6
20 -67 -94
81 -80 -6
69 27 69
69 27 69
83 -53 -27
81 20 -94
69 27 69
-67 -80 -6
83 -53 -27
81 20 -94
69 27 69
-67 -80 -6
83 -53 69
69 27 -27
69 27 69
69 27 69
83 -53 -27
81 20 -94
69 27 69
-67 -80 -6
83 -53 -27
81 20 -94
69 27 69
-67 -80 -6
83 69 69
27 -53 -27
-67 -80 -94
81 20 -6
83 -53 -27
81 20 -94
69 27 69
-67 -80 -6
83 -53 -27
81 20 -94
69 27 69
-67 -80 -6
27 -80 69
69 -67 -6
83 -53 -6
-67 -80 -27
83 -53 -27
81 20 -94
69 27 69
-67 -80 -6
83 -53 -27
81 20 -94
69 27 69
-67 -80 -6
-53 -67 -6
83 -80 -27
81 20 69
69 27 -94
83 -53 -27
81 20 -94
69 27 69
-67 -80 -6
83 -53 -27
81 20 -94
69 27 69
-67 -80 -6
81 69 69
27 20 -94
69 27 69
83 -53 -27
83 -53 -27
91 45 25 10 57
94 49 18 12 7
83 83 53 45 84
41 23 14 2 99
90 71 58 29 85
94 49 18 12 7
83 83 53 45 84
41 23 14 2 99
90 71 58 29 85
90 71 58 29 85
90 71 58 29 85
90 71 58 45 84
83 83 53 29 85
94 49 18 12 7
83 83 53 45 84
41 23 14 2 99
90 71 58 29 85
94 49 18 12 7
83 83 53 45 84
41 23 14 2 99
90 71 58 29 85
94 83 53 45 84
83 49 18 12 7
83 83 53 29 84
90 71 58 45 85
94 49 18 12 7
83 83 53 45 84
41 23 14 2 99
90 71 58 29 85
94 49 18 12 7
83 83 53 45 84
41 23 14 2 99
90 71 58 29 85
94 83 18 12 84
83 53 49 45 7
41 23 14 2 99
41 23 14 2 99
94 49 18 12 7
83 83 53 45 84
41 23 14 2 99
90 71 58 29 85
94 49 18 12 7
83 83 53 45 84
41 23 14 2 99
90 71 58 29 85
90 71 58 12 85
94 49 29 18 7
41 23 14 2 99
41 23 14 2 99
94 49 18 12 7
83 83 53 45 84
41 23 14 2 99
90 71 58 29 85
94 49 18 12 7
83 83 53 45 84
41 23 14 2 99
90 71 58 29 85
41 23 14 2 99
41 23 14 2 99
90 71 58 29 84
83 83 53 45 85
94 49 18 12 7
83 83 53 45 84
41 23 14 2 99
90 71 58 29 85
94 49 18 12 7
83 83 53 45 84
41 23 14 2 99
90 71 58 29 85
83 71 58 29 85
90 83 53 45 84
83 49 18 12 7
94 83 53 45 84
94 49 18 12 7
83 83 53 45 84
41 23 14 2 99
90 71 58 29 85
94 49 18 12 7
83 83 53 45 84
41 23 14 2 99
90 71 58 29 85
41 23 14 2 99
90 71 58 29 85
94 23 14 12 7
49 41 18 2 99
94 49 18 12 7
83 83 53 45 84
41 23 14 2 99
90 71 58 29 85
94 49 18 12 7
83 83 53 45 84
41 23 14 2 99
90 71 58 29 85
41 23 14 2 99
41 23 14 2 99
94 49 18 12 7
94 49 18 12 7
94 49 18 12 7
83 83 53 45 84
41 23 14 2 99
90 71 58 29 85
94 49 18 12 7
83 83 53 45 84
41 23 14 2 99
90 71 58 29 85
83 71 58 45 85
90 83 53 29 84
83 83 53 45 84
41 23 14 2 99
94 49 18 12 7
83 83 53 45 84
41 23 14 2 99
90 71 58 29 85
94 49 18 12 7
83 83 53 45 84
41 23 14 2 99
90 71 58 29 85
83 83 53 45 84
83 83 53 45 84
41 23 14 2 99
41 23 14 2 99
94 49 18 12 7
94 47 45 20 25
90 69 50 8 33
91 86 61 3 34
72 66 54 53 0
94 47 45 20 25
90 69 50 8 33
91 86 61 3 34
72 66 54 53 0
72 66 54 53 0
72 66 54 53 0
94 47 45 20 33
90 69 50 8 25
94 47 45 20 25
90 69 50 8 33
91 86 61 3 34
72 66 54 53 0
94 47 45 20 25
90 69 50 8 33
91 86 61 3 34
72 66 54 53 0
91 86 69 3 34
90 61 50 8 33
90 69 66 8 0
72 54 53 50 33
94 47 45 20 25
90 69 50 8 33
91 86 61 3 34
72 66 54 53 0
94 47 45 20 25
90 69 50 8 33
91 86 61 3 34
72 66 54 53 0
94 69 50 8 33
90 47 45 20 25
91 86 61 3 33
90 69 50 8 34
94 47 45 20 25
90 69 50 8 33
91 86 61 3 34
72 66 54 53 0
94 47 45 20 25
90 69 50 8 33
91 86 61 3 34
72 66 54 53 0
72 66 53 8 0
90 69 54 50 33
69 54 53 50 0
90 72 66 8 33
94 47 45 20 25
90 69 50 8 33
91 86 61 3 34
72 66 54 53 0
94 47 45 20 25
90 69 50 8 33
91 86 61 3 34
72 66 54 53 0
90 69 50 8 33
72 66 54 53 0
91 61 54 3 34
86 72 66 53 0
94 47 45 20 25
90 69 50 8 33
91 86 61 3 34
72 66 54 53 0
94 47 45 20 25
90 69 50 8 33
91 86 61 3 34
72 66 54 53 0
72 66 54 53 0
72 66 54 53 0
53 47 45 20 0
94 72 66 54 25
94 47 45 20 25
90 69 50 8 33
91 86 61 3 34
72 66 54 53 0
94 47 45 20 25
90 69 50 8 33
91 86 61 3 34
72 66 54 53 0
72 66 54 53 34
91 86 61 3 0
86 61 53 3 0
91 72 66 54 34
94 47 45 20 25
90 69 50 8 33
91 86 61 3 34
72 66 54 53 0
94 47 45 20 25
90 69 50 8 33
91 86 61 3 34
72 66 54 53 0
94 47 45 20 25
94 47 45 20 25
90 86 61 50 33
91 69 8 3 34
94 47 45 20 25
90 69 50 8 33
91 86 61 3 34
72 66 54 53 0
94 47 45 20 25
90 69 50 8 33
91 86 61 3 34
72 66 54 53 0
90 72 66 8 33
69 54 53 50 0
90 72 66 8 33
69 54 53 50 0
94 47 45 20 25
90 69 50 8 33
91 86 61 3 34
72 66 54 53 0
94 47 45 20 25
90 69 50 8 33
91 86 61 3 34
72 66 54 53 0
90 69 50 8 34
91 86 61 3 33
69 53 50 8 0
90 72 66 54 33
94 47 45 20 25
