94 83 40 -39
19 -9 -33 -81
61 -59 -79 14
98 -37 -95 -68
94 83 40 -39
19 -9 -33 -81
61 -59 -79 14
98 -37 -95 -68
98 -37 -59 14
61 -79 -95 -68
98 61 -59 14
-37 -79 -95 -68
94 83 40 -39
19 -9 -33 -81
61 -59 -79 14
98 -37 -95 -68
94 83 40 -39
19 -9 -33 -81
61 -59 -79 14
98 -37 -95 -68
61 19 -59 14
-9 -33 -79 -81
98 -37 -95 -68
98 -37 -95 -68
94 83 40 -39
19 -9 -33 -81
61 -59 -79 14
98 -37 -95 -68
94 83 40 -39
19 -9 -33 -81
61 -59 -79 14
98 -37 -95 -68
94 83 40 -39
94 83 40 -39
61 -59 -79 14
61 -59 -79 14
94 83 40 -39
19 -9 -33 -81
61 -59 -79 14
98 -37 -95 -68
94 83 40 -39
19 -9 -33 -81
61 -59 -79 14
98 -37 -95 -68
61 -59 -79 14
98 -37 -95 -68
94 83 -9 -39
40 19 -33 -81
94 83 40 -39
19 -9 -33 -81
61 -59 -79 14
98 -37 -95 -68
94 83 40 -39
19 -9 -33 -81
61 -59 -79 14
98 -37 -95 -68
98 -33 -37 -68
19 -9 -95 -81
19 -37 -95 -81
98 -9 -33 -68
94 83 40 -39
19 -9 -33 -81
61 -59 -79 14
98 -37 -95 -68
94 83 40 -39
19 -9 -33 -81
61 -59 -79 14
98 -37 -95 -68
98 -37 -95 -68
98 -37 -95 -68
83 40 19 -39
94 -9 -33 -81
94 83 40 -39
19 -9 -33 -81
61 -59 -79 14
98 -37 -95 -68
94 83 40 -39
19 -9 -33 -81
61 -59 -79 14
98 -37 -95 -68
19 -9 -59 -81
61 -33 -79 14
19 -9 -33 -81
61 -59 -79 14
94 83 40 -39
19 -9 -33 -81
61 -59 -79 14
98 -37 -95 -68
94 83 40 -39
19 -9 -33 -81
61 -59 -79 14
98 -37 -95 -68
94 83 -37 -39
98 40 -95 -68
94 83 -37 -39
98 40 -95 -68
94 83 40 -39
19 -9 -33 -81
61 -59 -79 14
98 -37 -95 -68
94 83 40 -39
19 -9 -33 -81
61 -59 -79 14
98 -37 -95 -68
98 61 -59 14
-37 -79 -95 -68
61 -59 -79 14
98 -37 -95 -68
94 83 40 -39
19 -9 -33 -81
61 -59 -79 14
98 -37 -95 -68
94 83 40 -39
19 -9 -33 -81
61 -59 -79 14
98 -37 -95 -68
61 -59 -79 14
61 -59 -79 14
98 -33 -37 -68
19 -9 -95 -81
94 83 40 -39
36 2 1 63
96 -17 -95 -43
33 11 -93 -11
79 39 11 84
36 2 1 63
96 -17 -95 -43
33 11 -93 -11
79 39 11 84
79 39 11 84
36 2 1 63
96 79 -17 -43
39 11 -95 84
36 2 1 63
96 -17 -95 -43
33 11 -93 -11
79 39 11 84
36 2 1 63
96 -17 -95 -43
33 11 -93 -11
79 39 11 84
33 2 1 63
36 11 -93 -11
11 -17 -93 -43
96 33 -95 -11
36 2 1 63
96 -17 -95 -43
33 11 -93 -11
79 39 11 84
36 2 1 63
96 -17 -95 -43
33 11 -93 -11
79 39 11 84
96 -17 -95 -43
33 11 -93 -11
39 11 11 -11
79 33 -93 84
36 2 1 63
96 -17 -95 -43
33 11 -93 -11
79 39 11 84
36 2 1 63
96 -17 -95 -43
33 11 -93 -11
79 39 11 84
96 -17 -95 63
36 2 1 -43
96 11 -17 -11
33 -93 -95 -43
36 2 1 63
96 -17 -95 -43
33 11 -93 -11
79 39 11 84
36 2 1 63
96 -17 -95 -43
33 11 -93 -11
79 39 11 84
36 2 1 63
36 2 1 63
39 11 -93 84
79 33 11 -11
36 2 1 63
96 -17 -95 -43
33 11 -93 -11
79 39 11 84
36 2 1 63
96 -17 -95 -43
33 11 -93 -11
79 39 11 84
79 39 11 84
79 39 11 84
79 39 11 84
79 39 11 84
36 2 1 63
96 -17 -95 -43
33 11 -93 -11
79 39 11 84
36 2 1 63
96 -17 -95 -43
33 11 -93 -11
79 39 11 84
36 2 1 63
36 2 1 63
79 39 11 84
36 2 1 63
36 2 1 63
96 -17 -95 -43
33 11 -93 -11
79 39 11 84
36 2 1 63
96 -17 -95 -43
33 11 -93 -11
79 39 11 84
79 36 2 84
39 11 1 63
33 -93 -95 -43
96 11 -17 -11
36 2 1 63
96 -17 -95 -43
33 11 -93 -11
79 39 11 84
36 2 1 63
96 -17 -95 -43
33 11 -93 -11
79 39 11 84
33 11 -93 -11
79 39 11 84
79 39 11 84
33 11 -93 -11
36 2 1 63
96 -17 -95 -43
33 11 -93 -11
79 39 11 84
36 2 1 63
96 -17 -95 -43
33 11 -93 -11
79 39 11 84
2 -17 -95 -43
96 36 1 63
79 39 11 -11
33 11 -93 84
96 79 -17 -43
